version  1.43
chi^2  8822.222605687202
Npixels  114455
DoF  114382
Npixels_with_pull_gt_5  0
Npixels_with_pull_gt_10  0
Npixels_with_pull_gt_20  0
Npixels_with_pull_gt_50  0

SN_A1  285.829001  27.838954
SN_A2  266.934233  13.370085
SN_A3  206.581518  12.027438
SN_A4  177.927640  8.572870

MJD_1  58638.271373
MJD_2  58641.243611
MJD_3  58644.249878
MJD_4  58646.273525


Cmat:
775.0073680205661  24.06478354782172  20.450202220477088  15.37087345984333  
24.064640467439066  178.75916930470635  18.5588920399118  13.987330910740967  
20.4497962875597  18.559639219384117  144.6592729658421  12.206963852211835  
15.370061073035563  13.988444074276739  12.205879641986565  73.49410178651871  

Wmat:
0.0013030113127690268  -0.00014284146477541403  -0.00014724172382411967  -0.00022087591214629536  
-0.0001428440496377043  0.005754582202545681  -0.0006371235312579505  -0.0009595091589522679  
-0.000147236525871652  -0.0006371387148645525  0.007102053250455937  -0.0010275584219733558  
-0.00022086188888833827  -0.0009596053164885203  -0.0010274474301666021  0.014006010630373423  
PARSED_JSON_BELOW
{"coeffs": [[[0.0, 0.0, 0.0, 0.0, 0.0, 0.0, 0.0], [0.0, -0.010126516455309407, -0.008837547800641806, 0.016260043775722644, 0.020636786365186555, 0.009809905129032367, 0.0], [0.0, -0.004171039539620627, 0.17696522965204828, 0.44901184600619853, 0.382690098197221, 0.1026423774010365, 0.0], [0.0, 0.13537914569850182, 0.6802056109222487, 1.3622479031201662, 0.6664349834834502, 0.15391535425027203, 0.0], [0.0, 0.12406452644264888, 0.3644891103384487, 0.42917299114087026, 0.18627132394029242, 0.008907727775084445, 0.0], [0.0, -0.013705892541601658, 0.04057031584328234, 0.04084520328366659, 0.0027532649477080627, 0.01991865366153564, 0.0], [0.0, 0.0, 0.0, 0.0, 0.0, 0.0, 0.0]], [1.4564715022555497, 4.338084884880483, 27.815061594097752, 2.8298918997859017, 0.6132408760844201, -0.1986120068708362, -0.3632156164408217, -0.3662488991819539, -0.27781490263180836, -0.2115198124439504, -0.18363644503169527, -0.21045121726362806, -0.241649589423335, -0.24792763210733637, -0.4356967980486613, -0.31614783642226824, -0.2058710706181056, 1.9264346181790184, 1.4487274826947714, -2.8771882562308546]], "dRA": [0.00010238569545043032, 0.00019698047037327448, 0.00010199804961363932, 0.0001813564718433388, 0.00010934024667118691, 0.00018483180766389398, 9.149143062119827e-05, 0.00018454677943236956, 8.98533858651828e-05, 0.00014191654818743876, 4.076568024811669e-05], "dDec": [3.444094629565306e-05, 4.798134168108958e-05, 2.1768908248804455e-05, 4.2305523480397094e-05, 3.149789879166427e-05, 3.4534827673631826e-05, 2.3053518646829383e-05, 5.267117331178951e-05, 2.2497065354413804e-05, 8.858112005261218e-05, 5.808849816409718e-05], "sndRA_offset": 0.0003952308163221258, "sndDec_offset": -0.0007276261511879719, "SN_ampl": [285.82900092244785, 266.9342330985655, 206.58151821693235, 177.92764005956275], "pt_RA": [189.8982517831784, 189.89834637795335, 189.89825139553258, 189.8983307539548, 189.89825873772963, 189.89833422929064, 189.8982408889136, 189.8983339442624, 189.89823925086884, 189.89829131403116, 189.8981901631632], "pt_Dec": [45.377173481461774, 45.37718702185716, 45.37716080942373, 45.37718134603896, 45.37717053841427, 45.37717357534316, 45.37716209403413, 45.377191711688795, 45.37716153758083, 45.377227621635534, 45.377197129013645]}
