version  1.43
chi^2  13120.52136560049
Npixels  166480
DoF  166396
Npixels_with_pull_gt_5  0
Npixels_with_pull_gt_10  0
Npixels_with_pull_gt_20  0
Npixels_with_pull_gt_50  0

SN_A1  317.579289  8.256333
SN_A2  81.943949  12.383644
SN_A3  88.897935  10.541579
SN_A4  85.431736  7.555923
SN_A5  79.377014  6.523703

MJD_1  58551.485607
MJD_2  58565.500533
MJD_3  58568.395631
MJD_4  58569.439219
MJD_5  58597.306718


Cmat:
68.16703462245496  20.71111350389796  20.4277704827812  18.767190816060072  16.51251321856667  
20.711113770619228  153.35463239806143  27.289475670765455  24.324286492960447  20.56873594875584  
20.42777038513976  27.289475501726  111.12488048516902  23.877271732707296  20.32056151237432  
18.767190816564977  24.3242862761096  23.87727181241818  57.091968050986985  18.73886662047112  
16.512512960545326  20.56873575052821  20.320561421405156  18.738866410302716  42.55869661428883  

Wmat:
0.017315515284866134  -0.0010043415003186528  -0.0014814165219423643  -0.003309064315639132  -0.004068576419658931  
-0.0010043415316803393  0.007360236901095401  -0.0008791458865027145  -0.0017956589051699846  -0.0019571373740862445  
-0.0014814165155252173  -0.0008791458864196303  0.010578628217282558  -0.002610198691104464  -0.0029020313287934207  
-0.0033090643235080294  -0.001795658876725361  -0.002610198696946051  0.022612685225135085  -0.006558471234233306  
-0.004068576323307655  -0.001957137381372034  -0.0029020313270458004  -0.006558471148664513  0.03029480663372742  
PARSED_JSON_BELOW
{"coeffs": [[[0.0, 0.0, 0.0, 0.0, 0.0, 0.0, 0.0], [0.0, -0.0020090623026591333, -0.012293947924642425, -0.0016053301218356367, 0.007858953801512367, 0.0057837673567801146, 0.0], [0.0, -0.004320136245171216, 0.0016636169589145326, 0.0037835677117202295, 0.008458588901670012, 0.004268215271928744, 0.0], [0.0, -0.01063010971411399, -0.006714654217497328, -0.055680918617162165, 0.012842939452790622, 0.0009298432823505743, 0.0], [0.0, -0.0014648184351523778, -0.007996725523667812, -0.0217643804355111, -0.005926717581787607, 0.007240615453614063, 0.0], [0.0, 0.0024215786612042834, -0.0035933117456552715, -0.008929490851855815, -0.015418385533817497, -0.006041821788087688, 0.0], [0.0, 0.0, 0.0, 0.0, 0.0, 0.0, 0.0]], [1.7655165105332253, 2.50477874849339, 0.6562243123278622, 0.3045065610880756, 0.2805352107664468, 0.21843010895490128, 0.17707771268885367, 0.15849717130838675, 0.15470475250952126, 0.14391222482328817, 0.13953145264438774, 0.13756473766870828, 0.13595391574990173, 0.13907675457342897, 0.13871457573489132, 0.14466091847593518, 0.08099245339731347, -2.0544824310451357, -1.2004886561323644, 2.8686916555703768]], "dRA": [4.341061814300211e-05, -3.759163598116419e-05, 2.1036810472886216e-08, -1.2182871841570776e-05, -8.249492387398685e-06, -4.9642836838509814e-05, 1.6478359969461564e-05, -2.5496243116982147e-05, 2.5377374555030906e-05, -5.6696290426049624e-05, 4.5429523695991515e-05, -4.803281421131311e-05, 6.286164727212131e-05, -3.685480102707839e-05, 3.36717125596807e-07, -8.546043512176904e-05], "dDec": [-9.978147898586741e-05, -0.00011806037912093116, -9.86564556570712e-05, -0.0001249268268472693, -0.00013493882679205192, -0.00010629821460358831, -0.00011763470345260261, -9.929696613651822e-05, -0.0001063093324947737, -9.625393270653907e-05, -0.00010892597191307002, -0.00010993997347235255, -0.000106994439870074, -0.00013100176674456481, -0.00010431841519941315, -2.976912806042242e-05], "sndRA_offset": 0.00010802025689155619, "sndDec_offset": 0.00015838182711192162, "SN_ampl": [317.5792889224601, 81.9439492195458, 88.89793491342996, 85.4317358495775, 79.37701377231241], "pt_RA": [191.33562143087502, 191.3355404286209, 191.3355780412937, 191.33556583738505, 191.3355697707645, 191.33552837742005, 191.33559449861687, 191.33555252401376, 191.33560339763144, 191.33552132396647, 191.3356234497806, 191.33552998744267, 191.33564088190417, 191.33554116545585, 191.33557835697403, 191.33549255982177], "pt_Dec": [42.06090860034813, 42.06089032144799, 42.06090972537146, 42.060883455000265, 42.060873443000325, 42.06090208361251, 42.060890747123665, 42.06090908486098, 42.06090207249462, 42.06091212789441, 42.0608994558552, 42.060898441853645, 42.06090138738725, 42.06087738006037, 42.06090406341192, 42.06097861269905]}
