version  1.43
chi^2  5960.961971422972
Npixels  78480
DoF  77832
Npixels_with_pull_gt_5  0
Npixels_with_pull_gt_10  0
Npixels_with_pull_gt_20  0
Npixels_with_pull_gt_50  0

SN_A1  308.290861  12.618770
SN_A2  71.775451  15.160046
SN_A3  79.874278  13.723355
SN_A4  75.917819  11.825510
SN_A5  68.758639  11.545450

MJD_1  58551.485607
MJD_2  58565.500533
MJD_3  58568.395631
MJD_4  58569.439219
MJD_5  58597.306718


Cmat:
159.2333596343712  102.53776376372342  103.14669074186656  104.81299625465269  106.55192773631497  
102.53776376371655  229.82699366806943  102.74598515195518  102.63262983467273  102.24808884061191  
103.14669074185073  102.74598515194874  188.33047739899598  103.05693136283132  102.92145009541161  
104.81299625463724  102.63262983466613  103.05693136283175  139.84269260870465  104.82201699114795  
106.55192773628615  102.24808884059723  102.92145009540472  104.8220169911405  133.29741727648252  

Wmat:
0.01564532971744806  -0.0011946561605060482  -0.001810642656162922  -0.00456870633246682  -0.006599030721053849  
-0.0011946561605063449  0.007209781600745607  -0.0009425162372642943  -0.0019906085582916686  -0.002282330272924344  
-0.0018106426561629498  -0.000942516237264322  0.010339840907797368  -0.002956157774588361  -0.003488612604759783  
-0.004568706332467051  -0.001990608558291642  -0.0029561577745883683  0.021000254554868696  -0.009052663073688488  
-0.006599030721050517  -0.002282330272924205  -0.003488612604759948  -0.00905266307368884  0.024340117685306886  
PARSED_JSON_BELOW
{"coeffs": [[[0.0, 0.0, 0.0, 0.0, 0.0, 0.0, 0.0, 0.0, 0.0, 0.0, 0.0, 0.0, 0.0, 0.0, 0.0, 0.0, 0.0, 0.0, 0.0, 0.0, 0.0, 0.0, 0.0, 0.0, 0.0, 0.0, 0.0, 0.0, 0.0], [0.0, 0.0, 0.0, 0.0, 0.0, 0.0, 0.0, 0.0, 0.0, 0.2287557021784529, -0.373509530346361, 0.4291097827386941, -0.2544615954495805, 0.039065099551308574, 0.02752351077591774, 0.2477521471578724, -0.32222499350785516, 0.5682040597061198, -0.5037441837871695, 0.24815069185861693, 0.0, 0.0, 0.0, 0.0, 0.0, 0.0, 0.0, 0.0, 0.0], [0.0, 0.0, 0.0, 0.0, 0.0, 0.0, 0.0, 0.13395343374928448, -0.311506947094571, -0.16809338071971644, 0.37456234924716736, -0.24918771754500224, 0.0762592945376152, 0.09053124409936002, -0.26624389753210725, -0.14205744914679935, 0.40997196694778254, -0.6970113464663006, 0.6840991535021573, -0.291854463052348, 0.034998147714698516, -0.03788626002605651, 0.0, 0.0, 0.0, 0.0, 0.0, 0.0, 0.0], [0.0, 0.0, 0.0, 0.0, 0.0, 0.0, 0.05023172892382268, -0.06400997020636538, 0.4489348642977962, -0.012630653143105602, -0.23883851150223148, 0.12349583812371835, 0.005442716779488804, -0.015770559456218705, 0.14219837027673152, 0.40636833949186, -0.45270215577834844, 0.564807047230384, -0.3961129406167036, 0.010877053336850774, 0.26335071733425036, 0.040261611509211585, -0.015643147388421354, 0.0, 0.0, 0.0, 0.0, 0.0, 0.0], [0.0, 0.0, 0.0, 0.0, 0.0, 0.12583788384913686, -0.27447907468956606, 0.26106305144922115, -0.5978417061752906, 0.3734752657912619, -0.27747146727403915, 0.48251686913474756, -0.4516403100046685, 0.36721706598268966, -0.3218575343395204, -0.3062700313588037, 0.330994989714995, -0.21330384722508053, -0.05127793809443269, 0.5608024225301818, -0.7935751588316966, 0.28933604004234614, -0.13077012823055711, 0.15757172730594124, 0.0, 0.0, 0.0, 0.0, 0.0], [0.0, 0.0, 0.0, 0.0, 0.1351505244614001, -0.2155603740002973, 0.6362281285962381, -0.6064658724475841, 0.8412339700639981, -0.6103380401734745, 0.5068031323350132, -0.5368856007935306, 0.4318204164641274, -0.14092850725385947, 0.05517417966348675, 0.33926529524139964, 0.041711186743060874, -0.24783305833008587, 0.5078575132278147, -0.7154438154272962, 0.8588858277441298, -0.40620324281844994, -0.08202916409997353, -0.016233586528205505, 0.05094877751473616, 0.0, 0.0, 0.0, 0.0], [0.0, 0.0, 0.0, 0.021097208928759197, 0.04270448230491868, 0.08122049210630644, -0.34825768306823324, 0.4708883457385667, -0.47492401678849083, 0.22604141026440758, -0.01126163172683125, 0.2934816033995439, -0.3086626147646867, 0.16600602694535882, 0.13863209624394643, -0.5024028583079247, 0.07173880905663137, 0.41215654477998814, -0.7075532616082713, 0.704117298664388, -0.7362192153349293, 0.4861638582559143, 0.24545759286083946, -0.23490153613602757, 0.34362962687405585, -0.20659151191617917, 0.0, 0.0, 0.0], [0.0, 0.0, 0.04476616517843004, -0.25655560461626076, 0.15916032131426205, -0.3986781560630083, 0.7476556692587768, -0.748295524484628, 0.7695786894044128, -0.45389450679982707, 0.4246769100322494, -0.6129814720659509, 0.6419501842885021, -0.028601238823425724, -0.21195933755141783, 0.7083271906146202, -0.09225744793666675, -0.21526312531109043, 0.35152925667738566, -0.3254389054258853, 0.23141781941638034, 0.16163156077982788, -0.5690427323548263, 0.3984884689900805, -0.5897020353462522, 0.4958156913799521, -0.2799250735631114, 0.0, 0.0], [0.0, 0.0, -0.011327880470607843, 0.39065069552831044, -0.2874314096944886, 0.6601643061170175, -0.7414247304014298, 0.637953613223626, -0.39189737598922847, 0.11302542922273835, 0.02959672558083599, 0.628177569153299, -0.5309548027694911, 0.06471643048217113, 0.38731895151598844, -0.774575406806827, 0.5485859279620189, -0.02838479753319382, 0.16941271510575837, -0.03827718256783852, 0.16293485222160123, -0.4347797940812797, 0.6887097226929828, -0.429119433952573, 0.7782739134416565, -0.6363199170402087, 0.552303616970608, 0.0, 0.0], [0.0, -0.007551385887687821, 0.21243442899461934, -0.5908627830593536, 0.42812055020399237, -0.5093897612071026, 0.7741467112291356, -0.6781552368943113, 0.3115834561917135, 0.15862208671125994, 0.14809980406821877, -0.604301217996042, 0.7838307436014917, -0.189040244905187, -0.07041421419156008, 0.7103523499299553, -0.768123472791185, 0.4146173272623088, -0.6593720023401506, 0.6188918479387512, -0.4162370243468156, 0.3484343138602554, -0.6726014341777479, 0.506014244164464, -0.8238214575367966, 0.5759142482902775, -0.5433246292992399, 9.035701516150248e-06, 0.0], [0.0, -0.11951008772341234, -0.1399481237320495, 0.5849230294565227, -0.4937116649611081, 0.7040912688856148, -0.7865918517455468, 0.8779167378184417, -0.3837760281385146, 0.10149769278527064, -0.12740340856653315, 0.8938562743206596, -0.6472610237731043, 0.5081208556589972, 0.09300432164494929, -0.41160338254802076, 0.681787160259882, -0.21893977650378782, 0.7588881442657421, -0.7650423812287055, 0.9027868970672115, -0.577543838519742, 0.9216316218899665, -0.5577192257274725, 0.8367903177231787, -0.6296939230091824, 0.5970502897027803, -0.09694967745038661, 0.0], [0.0, 0.37158190824852366, -0.22021062522925727, -0.11792093196761742, 0.10634483437447854, -0.06975164132261781, 0.08287694187916629, -0.1058136356182033, 0.016058966142971563, 0.4034549841878184, -0.10562044290474477, -0.23682524172974742, 0.49557922016819783, -0.2701928851437687, 0.14340667215150193, 0.024510339092338733, -0.18826879373947594, -0.08228930557461388, -0.376692111820892, 0.4139008523575765, -0.5538572770862019, 0.3735303475740851, -0.40848221600720586, 0.3234000176927005, -0.7833156805613264, 0.8388079521075911, -0.7907787288947726, 0.2736407604974463, 0.0], [0.0, -0.4382660103302297, 0.3068963630839339, -0.01902254705472068, 0.023027201875900037, 0.01789641308766157, 0.12222327084124925, 0.15971960026776572, -0.18826744192185207, -0.16924458091805478, 0.39459466099155716, 0.4941300684501706, 0.020429281626421672, 0.2642677345113704, 0.020392575438906557, 0.3275468894178361, 0.02917908968354534, 0.21710251471657535, 0.23080951371735958, -0.047593007065436434, 0.23245309476993403, 0.09813286216113311, 0.13821470222097287, 0.1626539582735054, 0.2511610545277398, -0.45619401844396534, 0.6011230504941497, -0.309846838054936, 0.0], [0.0, 0.35652133580747936, -0.1701805012481415, -0.10491478344720143, -0.020158014900785524, 0.05156707009534256, -0.08841463368900956, -0.14667062064556916, 0.5004131425438373, 0.15246709428065056, -0.17518353585840554, -0.2848896545460946, 0.05810437982366733, 0.29408328412564055, 0.22836651345061845, -0.3461286146582479, 0.27671352960255297, -0.24715874849518765, 0.05169762211870401, 0.1234090640476757, 0.07269453480651135, -0.2596663207166393, 0.02698293871732267, -0.15738481469955318, 0.033968902885590194, 0.3063435033057009, -0.6091108172413885, 0.3491876726463932, 0.0], [0.0, -0.4640653000248669, 0.30154412123610747, -0.19137159707918158, 0.43368234416600815, -0.36944102549711777, 0.26154234674426735, -0.018591065073735633, -0.3548785629136225, 0.10713828899887147, 0.11470363517138044, 0.464978685427085, 0.14987164270358797, 0.2075225829706158, -0.23874638921139935, 1.3397004194912343, -0.6935738292271659, 0.5751923126730305, -0.09208992527701124, -0.1598457604299923, 0.009582172814466305, 0.37254520956657844, 0.006417254632756816, -0.08541428452207424, 0.00804898332484688, -0.2648197814352206, 0.5990268361141565, -0.34120015579800356, 0.0], [0.0, 0.4212635259109366, -0.25507700077058004, 0.2882443305381418, -0.5521538382852217, 0.5942429855644648, -0.336538191911173, 0.13184076820788548, 0.5615407927332173, -0.36988780596182025, 0.3973208093049064, -0.5827216764905979, 0.45748405234643175, -0.35190707083226597, 0.5482667798801408, -0.33696101314948196, 0.6129746178133785, -0.42321174576746395, 0.17413749156328587, 0.19830145964859844, 0.06380363210801007, -0.23421115058421543, -0.06797162946128027, 0.20795783175904745, 0.09441073277335571, 0.10017066816943326, -0.4801166936961819, 0.30639208054272876, 0.0], [0.0, -0.49710528308539503, 0.4528375332145147, -0.4571532586285678, 0.4032267621931116, -0.3869960571773831, 0.05110590905955367, 0.012920886911573113, -0.5934840956484317, 0.397461465136405, -0.35976103521174063, 0.6453779625521169, -0.2871033442964591, 0.7797735916048825, -0.6601369535635842, 0.933778201488736, -0.6230371369978788, 0.9140162706032661, -0.14018482799746543, 0.17620289484070323, -0.24098658075874957, 0.3773875490900371, -0.10713366367916341, -0.029425110040686632, -0.24658670948937797, 0.2276501226128628, 0.26041567492341694, -0.24334356688010614, 0.0], [0.0, 0.31645994263899674, -0.5079898165739252, 0.5741461738142519, -0.2227863330816972, 0.1083863834220126, 0.11204580012820398, -0.1991958521258389, 0.9692467586526422, -0.8418423765192293, 0.8891061323459922, -0.734915523450992, 0.3357275326307444, -0.34592330003563654, 0.5728627855266218, -0.5976681726850825, 0.6449348700849351, -0.5527768301313155, 0.1771301052141247, -0.2190462274382356, 0.27023631393775394, -0.24034955471363162, 0.3920180328971781, -0.2268298067952643, 0.6622399852482523, -0.6414927112270259, 0.16808957899865537, 0.1733938088142336, 0.0], [0.0, -0.10892937237075528, 0.35344474428156286, -0.2699292777662369, -0.032543899283109363, 0.1202898181563953, -0.3854254385390204, 0.7202061814270483, -1.4853489749876143, 1.4498400739164958, -1.4749999259337114, 1.2477463255063026, -0.5650593736987741, 0.560743413856008, -0.5057455658612913, 1.05302135476443, -0.6995440276498593, 0.6685095986396452, 0.04101306032721707, 0.2632004629169935, -0.07692847417637594, 0.3691915145066764, -0.6064138996664176, 0.4403769170732282, -0.6442827451672372, 0.7477871797121484, -0.3922406277023607, 0.04885558619032014, 0.0], [0.0, 0.012689156484750783, -0.43022507081305056, 0.4240991732547187, -0.30033863398807426, 0.2125726964225741, 0.12001546924682858, -0.6654886599706057, 1.4990964057315808, -1.3525511611471428, 1.2766737646316633, -1.0173950968879948, 0.289394957453514, -0.21297853850120174, 0.35494630287708245, -0.7034649809506132, 0.5201496856975643, -0.32919527142217936, 0.000450664606439218, -0.055330612735576955, 0.15872680811824477, -0.5520901728088284, 0.7941309518826573, -0.24523224994407347, 0.45627176716014595, -0.6251036662977594, 0.5075296009153389, -0.15327246597438257, 0.0], [0.0, 0.0, 0.3775886181353518, -0.26898559806542605, 0.14001978283372823, 0.028761614702185086, -0.3597245788884076, 0.9584732953478873, -1.5192592954904838, 1.4175244792787172, -1.1802383335119948, 1.1378723458210709, -0.4652592362915037, 0.5057653844259046, -0.44428118957724755, 0.7016740907063735, -0.23023601684822698, 0.15573732598174564, 0.3641779048239323, -0.167205978737613, 0.13094408849452469, 0.5326546869586593, -0.7088978940391323, 0.26190645473216984, -0.0016258341077533623, 0.10741505069481184, -0.1314744063940756, 0.0, 0.0], [0.0, 0.0, -0.20308077200977762, 0.17541137850257282, -0.20032679453981383, -0.05143021659361403, 0.3608878154457576, -0.8232101762566439, 0.9790134121766784, -0.8871863107503467, 0.6757554344806882, -0.6623112316414904, 0.13806919623295738, -0.20389942089286592, 0.003218840256314174, -0.0038335420990601304, -0.28401340275452047, 0.34243975679759775, -0.6612515626104019, 0.6144138086902362, -0.5186997929678097, -0.21584027610289436, 0.4780190712518356, -0.009208375911772771, -0.2205230502814158, 0.12341886081076404, 0.0900526013637076, 0.0, 0.0], [0.0, 0.0, 0.0, 0.12130696463444521, -0.18580798213552815, 0.361657890615468, -0.4315160504216605, 0.5390194867136309, -0.4017703711690396, 0.33004214656793807, -0.3119380345882493, 0.36141113774749206, 0.07337597107515482, -0.04353215239807287, 0.35655047576658677, -0.27395447994466915, 0.6325994712428477, -0.6279568855499588, 0.7121149074832349, -0.89029252690346, 0.6769901658879302, 0.17412294330426648, -0.37734352816196703, 0.06402367386057167, 0.12991829143005745, -0.043296213388168026, 0.0, 0.0, 0.0], [0.0, 0.0, 0.0, 0.0, 0.0789334369285262, -0.0038463829601896064, -0.08745489591434726, 0.22309921280501616, -0.3556411716778592, 0.10819495292673652, 0.13279316714843992, -0.20210876155221738, -0.017681235603594737, -0.18325708216215716, -0.05242525763099764, 0.028412926034018772, -0.41205225050698785, 0.4847088789765092, -0.5055998986167516, 0.9600844000919099, -0.7086386568071594, -0.11922696484900978, 0.43266527629755913, 0.02238337677322278, -0.0595617872283201, 0.0, 0.0, 0.0, 0.0], [0.0, 0.0, 0.0, 0.0, 0.0, -0.21707734592443387, 0.2436008935115017, -0.4865721752265219, 0.5181234260216839, -0.36487921522998296, 0.21966121427541238, 0.016864278026091736, 0.0667359275486849, 0.22975712812096236, 0.04666290781555308, 0.01875824384449827, 0.2618225088785268, -0.371879777491804, 0.3556123158294923, -0.6824334027015538, 0.6073539670606581, 0.14743070120032753, -0.26161766517056595, -0.01742739682567076, 0.0, 0.0, 0.0, 0.0, 0.0], [0.0, 0.0, 0.0, 0.0, 0.0, 0.0, -0.062357642416879744, 0.282914254625729, -0.3255747298223766, 0.465275020644286, -0.3646923053071926, -0.028449048457052668, -0.036257175299319856, -0.2594836997803467, -0.04534389046655218, 0.23070724144526367, -0.22947881681645754, 0.2768322001767411, -0.16744261419444975, 0.29417943662405993, -0.4460163002195521, -0.07438653721749745, 0.06888042708247978, 0.0, 0.0, 0.0, 0.0, 0.0, 0.0], [0.0, 0.0, 0.0, 0.0, 0.0, 0.0, 0.0, -0.10276385142341041, -0.010140458328393769, -0.07679603725191789, 0.11737737907874356, 0.199762006608497, -0.0047723926703333135, 0.1775990469596088, -0.047536582117870506, -0.1409423511352776, 0.1622438721273512, -0.3406164629706944, 0.2341272222136585, -0.3046242087076492, 0.38986029234338054, -0.05790902986450917, 0.0, 0.0, 0.0, 0.0, 0.0, 0.0, 0.0], [0.0, 0.0, 0.0, 0.0, 0.0, 0.0, 0.0, 0.0, 0.0, 0.11911182055393, -0.18261436216754517, -0.10064095007363415, 0.06179431682509011, -0.230592694197868, 0.3240806534984418, -0.27583664675048347, 0.09999515090657901, -0.016366222157000985, 0.14560296838063952, -0.022849410582006444, 0.0, 0.0, 0.0, 0.0, 0.0, 0.0, 0.0, 0.0, 0.0], [0.0, 0.0, 0.0, 0.0, 0.0, 0.0, 0.0, 0.0, 0.0, 0.0, 0.0, 0.0, 0.0, 0.0, 0.0, 0.0, 0.0, 0.0, 0.0, 0.0, 0.0, 0.0, 0.0, 0.0, 0.0, 0.0, 0.0, 0.0, 0.0]]], "dRA": [7.024970242265175e-05, -1.3228722130415001e-05, 3.2675868223000596e-05, 2.1204822604329864e-05, 1.4631895058650429e-05, -3.604390429736509e-05, 5.494010830293337e-05, 2.657997347708246e-06, 6.483588059458759e-05, -2.9923636256122307e-05, 8.509135153167735e-05, -2.3129382674279497e-05, 0.00011452826552248093, -9.501795181607796e-05, 6.099227601788894e-07, -6.114832735529746e-05], "dDec": [4.495098812527823e-05, 2.6356888776158606e-05, 1.518345973126346e-05, -8.859064710952989e-06, -1.5056251955292956e-05, 3.1216512039207395e-06, 6.679467607472427e-06, 6.087659295521876e-06, 8.611254551752585e-06, 1.607496766360755e-05, 7.977567091586287e-06, 1.286383375588682e-06, 9.203478904448095e-06, -0.00010179979233867304, -2.7242361342325234e-05, 7.033404523347634e-05], "sndRA_offset": 8.576766832879233e-05, "sndDec_offset": 2.976587839767725e-06, "SN_ampl": [308.2908607305929, 71.77545116354804, 79.87427809749241, 75.91781862761232, 68.75863904983218], "pt_RA": [191.33562601737074, 191.33554253894619, 191.33558844353655, 191.33557697249094, 191.33557039956338, 191.33551972376404, 191.33561070777662, 191.33555842566568, 191.33562060354893, 191.33552584403208, 191.33564085901986, 191.33553263828566, 191.33567029593385, 191.3354607497165, 191.33555637759108, 191.33549461934098], "pt_Dec": [42.060897927575965, 42.06087933347661, 42.06086816004757, 42.060844117523125, 42.060837920335885, 42.06085609823904, 42.06085965605545, 42.06085906424713, 42.06086158784239, 42.0608690515555, 42.06086095415493, 42.06085426297121, 42.06086218006674, 42.0607511767955, 42.0608257342265, 42.06092331063307]}
