version  1.43
chi^2  6142.411520391766
Npixels  83240
DoF  83173
Npixels_with_pull_gt_5  0
Npixels_with_pull_gt_10  0
Npixels_with_pull_gt_20  0
Npixels_with_pull_gt_50  0

SN_A1  525.885008  13.364302
SN_A2  441.808662  29.597044
SN_A3  384.482858  35.505878
SN_A4  187.482594  13.574382

MJD_1  58597.288825
MJD_2  58599.232951
MJD_3  58600.225874
MJD_4  58604.294688


Cmat:
178.6045718861483  30.794325597597282  28.391836290357976  21.246501124908697  
30.794531636917625  875.9850050248837  42.4085602746609  31.64613675506826  
28.391813717870633  42.40804836459298  1260.6673611012445  29.178836075015752  
21.246482363118094  31.646139725569046  29.178789135396126  184.26385303612827  

Wmat:
0.005719043117421858  -0.00017365732501094545  -0.00010878445613288868  -0.0006123820103596418  
-0.00017365864044563737  0.0011554433037144565  -3.094170319273226e-05  -0.00017351658988095636  
-0.0001087843750294288  -3.0941254104735464e-05  0.000799237504795911  -0.00010870478014106306  
-0.0006123812398831506  -0.00017351685686217488  -0.00010870450064028362  0.005544625008400871  
PARSED_JSON_BELOW
{"coeffs": [[[0.0, 0.0, 0.0, 0.0, 0.0, 0.0, 0.0], [0.0, -0.009862091134291774, 0.01692010100042738, 0.019865430100118903, -0.006017746208244417, 0.004933047706862231, 0.0], [0.0, 0.003666303134434642, 0.18559587794697457, 0.20976873359758144, 0.02584021622986306, 0.008938576604657359, 0.0], [0.0, 0.0026000585159355162, 0.1872619077653999, 0.3841331910585907, 0.175695820815115, -0.015219703632548614, 0.0], [0.0, -0.001676000650284092, 0.04256666746746408, 0.21818969330163918, 0.2121961859076848, -0.01110715372248838, 0.0], [0.0, 0.003183907733573714, 0.005560510841523868, 0.021237270044769982, 0.02984475839420111, -0.011845174666069087, 0.0], [0.0, 0.0, 0.0, 0.0, 0.0, 0.0, 0.0]], [1.6037022559104483, 2.5057648601542475, 0.34294263930078317, -0.004076800456560385, -0.2374361291662314, -0.22097868195072476, -0.22161153971062286, -0.17303038398027984, -0.1143493924176972, -0.07776311106587147, -0.09219333345963895, -0.11522391744053911, -0.1407514797131835, -0.13296537153924481, -0.05269027722574411, -0.12627002877093196, -0.10734437102259181, 12.418993012524275, 7.67288139359413, -16.408775440623245]], "dRA": [-1.910297576981971e-05, -7.533008835378247e-05, -2.1729207886238797e-05, -7.901632046907417e-05, -2.6265161620238297e-05, -5.19873780832746e-05, -3.376758838300896e-05, -6.930500245272967e-05], "dDec": [-0.0001069641252486845, -0.00011908028675467809, -0.00012390011036746208, -0.00011853493988683386, -0.00011946777508280335, -8.863267440855124e-05, -0.0001003947871267941, -0.00012248619656556717], "sndRA_offset": -0.0015832387087341472, "sndDec_offset": 0.0005260521801518216, "SN_ampl": [525.8850083106003, 441.8086621733053, 384.48285797048425, 187.48259384966147], "pt_RA": [169.45089765831548, 169.4508414312029, 169.45089503208337, 169.45083774497078, 169.45089049612963, 169.45086477391317, 169.45088299370286, 169.45084745628878], "pt_Dec": [13.728196865832683, 13.728184749671176, 13.728179929847563, 13.728185295018044, 13.728184362182848, 13.728215197283522, 13.728203435170803, 13.728181343761365]}
