version  1.43
chi^2  10979.782158189897
Npixels  122810
DoF  122719
Npixels_with_pull_gt_5  0
Npixels_with_pull_gt_10  0
Npixels_with_pull_gt_20  0
Npixels_with_pull_gt_50  0

SN_A1  259.052411  9.861519
SN_A2  133.763213  21.472054
SN_A3  157.603848  10.334675
SN_A4  131.944921  8.071296

MJD_1  58520.475174
MJD_2  58540.445185
MJD_3  58565.334791
MJD_4  58568.386112


Cmat:
97.24955442676895  13.021033642562571  9.52829373340511  9.481309419831415  
13.021062861455352  461.04908540845327  9.261531705984355  9.286787996825575  
9.52790274329112  9.26152846928951  106.80549988000101  6.769914331170156  
9.481632128261618  9.286805374973323  6.769717534650527  65.1458225623277  

Wmat:
0.010535394618088686  -0.0002524729163931545  -0.0008285382384465069  -0.0014112269562994923  
-0.0002524733412879674  0.002184336585775642  -0.0001504724070537655  -0.0002590036774145604  
-0.0008284932867228205  -0.00015047283822404035  0.009503367388796728  -0.000845554946758852  
-0.0014112861909670986  -0.0002590034810349636  -0.0008455156131876975  0.01568036413639466  
PARSED_JSON_BELOW
{"coeffs": [[[0.0, 0.0, 0.0, 0.0, 0.0, 0.0, 0.0, 0.0, 0.0], [0.0, 0.0, -0.05939731202137001, 0.06090073660971228, 0.2492337308868312, 0.1837641094119195, 0.07391535912564746, 0.0, 0.0], [0.0, -0.04091014979145661, 0.08203389641206908, 0.657533381242353, 1.3323108495055684, 0.6719627415105498, 0.06606467557837115, -0.023486187426257542, 0.0], [0.0, -0.03453345468010799, 0.32329528904757976, 1.8105734479266675, 3.5332432117153494, 1.6665065766538096, 0.3001614700713661, -0.05396312363816345, 0.0], [0.0, -0.022291121603301815, 0.42183286769235667, 2.5430405333007284, 5.819293069840949, 2.557013863565611, 0.44444314549938074, -0.06077662190044117, 0.0], [0.0, -0.0028460060276583403, 0.27318641234216207, 1.622064640416372, 3.566150564981368, 1.8261737701044334, 0.3640400061414873, -0.07937416729759776, 0.0], [0.0, 0.0349563678406615, 0.0998410695234983, 0.6386929062982345, 1.345770078523536, 0.6826122780087652, 0.09886840860523496, -0.0839829019203826, 0.0], [0.0, 0.0, 0.01805926844797332, 0.15794746550193367, 0.2832867767906446, 0.1272107509497739, -0.06956942606479265, 0.0, 0.0], [0.0, 0.0, 0.0, 0.0, 0.0, 0.0, 0.0, 0.0, 0.0]], [1.2809233090496006, 2.991407829149542, 52.635954825921345, -1.590672426256674, -2.828995686990983, -2.832476018299311, -2.3276187773271158, -1.6608887878756828, -0.9612377938185244, -0.2905870694032408, 0.2357711583284107, 0.5456831913545027, 0.6334109994053779, 0.6013219148195492, 0.6992029736860393, 0.497373259617233, 0.4313842284672799, -14.995818244298444, -10.233409018792129, 19.239773708733168]], "dRA": [8.892640936237493e-05, 3.706532410110084e-05, 9.355833152995872e-05, 3.878516928838948e-05, 8.927771999097967e-05, 3.061021810779492e-05, 9.240400933789332e-05, 4.453082204205159e-05, 9.35340542593957e-05, 3.601377992607694e-05], "dDec": [-2.3289103302797794e-05, -4.447452319339264e-05, -2.6946226554243016e-05, -4.908684662883067e-05, -3.312851790470448e-05, -4.004501481975207e-05, -2.728724462737511e-05, -4.70289045375375e-05, -2.3607548254091045e-05, -3.5625199970620424e-05], "sndRA_offset": -0.002825212021263674, "sndDec_offset": -0.00029176111586699506, "SN_ampl": [259.05241113142034, 133.7632127264937, 157.60384782431504, 131.94492129842973], "pt_RA": [161.2656342343881, 161.26558237330283, 161.26563886631027, 161.26558409314802, 161.2656345856987, 161.26557591819684, 161.26563771198806, 161.26558983880076, 161.26563884203298, 161.26558132175865], "pt_Dec": [0.1045119397808302, 0.1044907543609396, 0.10450828265757875, 0.10448614203750417, 0.1045021003662283, 0.10449518386931324, 0.10450794163950562, 0.10448819997959546, 0.10451162133587891, 0.10449960368416238]}
