version  1.43
chi^2  20737.366441380993
Npixels  279784
DoF  279594
Npixels_with_pull_gt_5  0
Npixels_with_pull_gt_10  0
Npixels_with_pull_gt_20  0
Npixels_with_pull_gt_50  0

SN_A1  587.427104  16.135476
SN_A2  592.126191  36.463269
SN_A3  510.943736  17.194151
SN_A4  149.328222  6.122090

MJD_1  58564.350879
MJD_2  58566.333166
MJD_3  58568.351979
MJD_4  58589.289300


Cmat:
260.35359053564986  7.941469256158822  8.977187034685095  7.815396073918388  
7.941468946131141  1329.5699976808821  10.16265832501595  8.90289661727436  
8.977187371125371  10.162659233520007  295.63884028620475  10.190208726590322  
7.815395975592768  8.902896886298135  10.19020814651965  37.47998358267168  

Wmat:
0.0038679134926834216  -1.720525538133017e-05  -9.00436223818048e-05  -0.0007779762214717814  
-1.7205254738287344e-05  0.0007535137728006952  -1.9516915764569405e-05  -0.00017009366824300765  
-9.004362555677209e-05  -1.9516917530061505e-05  0.003417126940688477  -0.0009056501585515163  
-0.0007779762118842483  -0.00017009367338467643  -0.0009056501068428378  0.027129768613705023  
PARSED_JSON_BELOW
{"coeffs": [[[0.0, 0.0, 0.0, 0.0, 0.0, 0.0, 0.0, 0.0, 0.0, 0.0, 0.0, 0.0, 0.0, 0.0, 0.0], [0.0, 0.0, 0.0, 0.0, 0.001923924918931005, 0.006292027726523377, 0.04150183716417162, 0.08760290141895527, 0.0854673348541957, 0.07394027994201108, 0.022596530263370204, 0.0, 0.0, 0.0, 0.0], [0.0, 0.0, 0.0, -0.011227937140096235, 0.03221449936067175, 0.1268360653070237, 0.23203910042442455, 0.3201756020489553, 0.3525971952936586, 0.32092383011488895, 0.22504103663979177, 0.07611810482486261, 0.0, 0.0, 0.0], [0.0, 0.0, -0.016497955889478663, 0.05546564665312285, 0.21835546629729022, 0.4538053451437035, 0.7152918397550715, 0.8861354822191166, 0.8971829608414615, 0.7713785288590906, 0.5394935382420006, 0.29822816121444, 0.08077530676212494, 0.0, 0.0], [0.0, -0.02363454416334898, 0.03167912980071723, 0.23871323789048893, 0.6246435649919445, 1.099551209945493, 1.5147514974826688, 1.7696195490179834, 1.7317706193304558, 1.4985483695608879, 1.0539597549132667, 0.5944945219373277, 0.24356287475563537, 0.008890281666203426, 0.0], [0.0, -0.010485472967572799, 0.1470116051623552, 0.5620333887582947, 1.1725564602916136, 1.7341879197183887, 2.2065543902490106, 2.4993326133663207, 2.434733914969301, 2.0990553448969367, 1.5737711662140494, 0.9129826670680158, 0.38220903478706153, 0.06278742424589963, 0.0], [0.0, 0.02831674008825348, 0.2945766959100012, 0.9034726714711174, 1.5724397780338435, 2.2202281627662, 2.7677296834917664, 3.2156432881989723, 2.9547129667342436, 2.4815111292544283, 1.8456436372843728, 1.1136402069697207, 0.4555261865338947, 0.07464757487092781, 0.0], [0.0, 0.06432170445524442, 0.4161548231323594, 1.1069956930797396, 1.835402981388313, 2.5487968971276054, 3.2245743289314155, 4.216345750317653, 3.215633528191343, 2.5419651288182514, 1.851762800490277, 1.0954392065169454, 0.4235747496835616, 0.05930840900434687, 0.0], [0.0, 0.07481208942367795, 0.4279667312977853, 1.0993957807284485, 1.8351891651044352, 2.4910407229673455, 2.9662817884517256, 3.2453887399714234, 2.776504794879533, 2.2502962632709975, 1.5838031654148965, 0.8729637526121462, 0.2963983832270179, 0.026205414559114015, 0.0], [0.0, 0.05250033193779454, 0.33892868076561417, 0.9081347984937863, 1.5530836980757934, 2.103777219202401, 2.452304643830252, 2.5036667407001882, 2.209657247575034, 1.7154763124863561, 1.1386131363929057, 0.5368371154961563, 0.14562987451834772, -0.00818993727238181, 0.0], [0.0, 0.03498487048579259, 0.17069501766789966, 0.5951640453647843, 1.0482044545566453, 1.471788827561556, 1.7272418092977126, 1.7264795706887104, 1.472350607161149, 1.0758641926468093, 0.6030379943116597, 0.2306133256187485, 0.0377971747741003, -0.0343051291279603, 0.0], [0.0, 0.0, 0.06743332601361463, 0.2706650605095442, 0.5668165813083668, 0.761344503647748, 0.9016197714706151, 0.883954746805454, 0.7234528327109123, 0.45486392652026664, 0.21772667855041944, 0.04883911571167475, -0.02779268083675904, 0.0, 0.0], [0.0, 0.0, 0.0, 0.045155222279518126, 0.2337295779982306, 0.31302941158437736, 0.3303712135725947, 0.3065545899620697, 0.22151787129639935, 0.12340203692971118, 0.039567517202865866, -0.004852654318348399, 0.0, 0.0, 0.0], [0.0, 0.0, 0.0, 0.0, -0.0008845792487798233, 0.08790787746949617, 0.10573293904052748, 0.07934652296832304, 0.06489750186480629, 0.018198566564223476, -0.005438974107918468, 0.0, 0.0, 0.0, 0.0], [0.0, 0.0, 0.0, 0.0, 0.0, 0.0, 0.0, 0.0, 0.0, 0.0, 0.0, 0.0, 0.0, 0.0, 0.0]], [1.1582255975192588, 0.9348282316295283, 15.65972891470629, -0.10130681637255161, -1.5611852395428794, -1.9435368505156903, -2.0453053474839176, -2.0316370181431127, -1.9304394649965728, -1.8138542748738335, -1.6133109748568486, -1.2977754089170772, -0.8527922785496395, -0.2824882718141048, 0.27927430789778995, 0.6131982561161696, 0.6808967518903778, 0.5737813182015101, 0.08875242502179859, -0.28616369837128697, 1.1506506504919216, 0.7999110812859569, -1.5590488882300162]], "dRA": [0.00011998796347289309, 5.468684751691689e-05, 0.00012346278195908246, 5.954349064451958e-05, 0.00011991684585119785, 6.46021608883105e-05, 0.00012464297293132617, 6.627329537579982e-05], "dDec": [1.5781391852539352e-05, 6.767246602753676e-06, 9.290084033001787e-06, 3.9890864996070565e-06, 1.0289089996510921e-05, 2.0414226213262956e-06, 1.011520318121381e-05, -4.158139300074283e-06], "sndRA_offset": -0.005467197387653126, "sndDec_offset": 0.002295022818322458, "SN_ampl": [587.4271038485299, 592.1261909336125, 510.9437361271362, 149.3282217189118], "pt_RA": [149.91637279057582, 149.91630748945985, 149.91637626539432, 149.91631234610298, 149.9163727194582, 149.91631740477322, 149.91637744558528, 149.91631907590772], "pt_Dec": [35.39512080421017, 35.395111790064924, 35.39511431290235, 35.39510901190482, 35.39511531190832, 35.39510706424094, 35.3951151380215, 35.39510086467902]}
