version  1.43
chi^2  6352.34403409505
Npixels  83240
DoF  83173
Npixels_with_pull_gt_5  0
Npixels_with_pull_gt_10  0
Npixels_with_pull_gt_20  0
Npixels_with_pull_gt_50  0

SN_A1  764.203941  60.314985
SN_A2  660.576639  64.952914
SN_A3  598.038574  66.786446
SN_A4  557.084161  62.814868

MJD_1  58564.344665
MJD_2  58566.273056
MJD_3  58568.254913
MJD_4  58569.279265


Cmat:
3637.897374109659  3180.9378980729825  3225.9603822791037  3153.2020796273855  
3180.937937085502  4218.88100590815  3336.774234836076  3257.139099019059  
3225.9605514592686  3336.774293109164  4460.42939467037  3304.936576980201  
3153.2020375044135  3257.1391044909738  3304.9366632738747  3945.707646374409  

Wmat:
0.0012302972918511136  -0.00034496951730253656  -0.0003011279655837425  -0.00044619460092473436  
-0.000344969538879618  0.0008593436077201075  -0.0001898323921874711  -0.0002746931799049653  
-0.000301128131146518  -0.00018983240734455923  0.0007632868703483493  -0.0002419810022752049  
-0.00044619442423883527  -0.00027469318517543787  -0.00024198116674104385  0.0010394554986273507  
PARSED_JSON_BELOW
{"coeffs": [[[0.0, 0.0, 0.0, 0.0, 0.0, 0.0, 0.0], [0.0, -0.007978798308943026, 0.0018044742900940605, 0.0004760392302631353, -0.009385368876810027, -0.003137574094058136, 0.0], [0.0, 0.03023597205871551, 0.014771638087071631, 0.024252041925182717, 0.002821125553641539, -0.018395058392991215, 0.0], [0.0, 0.03304588688177519, 0.045644140518225726, 0.16639384354563988, 0.06447980607452444, 0.012518015422312914, 0.0], [0.0, -0.0060428309846666355, 0.010515178614915405, 0.014462844343833556, 0.03301047304436705, 0.011521899967973944, 0.0], [0.0, 0.01322705829833, 0.004971679560513216, 0.007101923190225455, -0.0025703590994436585, -0.0005833225381272978, 0.0], [0.0, 0.0, 0.0, 0.0, 0.0, 0.0, 0.0]], [2.229648620742854, 1.8987011403460055, -0.021781232672370643, 0.0191288113292196, -0.08660198055277335, 0.0016005473360533587, 0.011229739693522775, 0.029744365393456405, 0.03508926920488434, 0.04771142523897736, 0.041231274988436976, 0.043994856956100906, 0.03802821699518929, 0.04421988608634638, -0.07631471262916559, 0.26325453631857404, -0.1147302907257338, 4.944641902615323, 3.5152514724743846, -7.516126778186018]], "dRA": [-4.426195965536589e-05, -7.290235589737398e-05, -1.8850014493429976e-05, -0.00011632656062616195, -2.609801068063599e-05, -9.831023329352968e-05, -4.342125995670364e-05, -8.051980855670719e-05], "dDec": [-0.00010996478504890535, -0.00013056990580272629, -0.0001166684925204749, -0.00012673920850500017, -9.786581484964494e-05, -0.00011878749436423989, -0.0001235656311403336, -0.00012780012322083118], "sndRA_offset": 2.880852895151578e-05, "sndDec_offset": 8.820833906846027e-05, "SN_ampl": [764.2039414566251, 660.5766392672137, 598.0385743362363, 557.0841612074054], "pt_RA": [141.5104972565693, 141.51046861617306, 141.51052266851445, 141.51042519196832, 141.51051542051826, 141.51044320829567, 141.510498097269, 141.5104609987204], "pt_Dec": [18.94019533355402, 18.940174728433266, 18.94018862984655, 18.940178559130565, 18.94020743252422, 18.940186510844704, 18.94018173270793, 18.94017749821585]}
