version  1.43
chi^2  10830.693736689465
Npixels  104050
DoF  103979
Npixels_with_pull_gt_5  0
Npixels_with_pull_gt_10  0
Npixels_with_pull_gt_20  0
Npixels_with_pull_gt_50  0

SN_A1  414.761575  6.429141
SN_A2  405.388414  6.319452
SN_A3  353.445251  27.838841
SN_A4  292.079966  6.605167

MJD_1  58633.354456
MJD_2  58635.323466
MJD_3  58638.310984
MJD_4  58641.312071


Cmat:
41.333849656796716  4.7470205098767355  4.75330545594137  4.714007042405096  
4.7468474807878005  39.935469090910445  4.612289898227796  4.572222378987514  
4.754063233634073  4.612437521786037  775.0010669103835  4.584420519943896  
4.71408723790168  4.572082745977558  4.585100460717223  43.62822735147305  

Wmat:
0.024784805011240762  -0.0026587787186745627  -0.00012206984587219562  -0.0023865191098470825  
-0.0026586532517032836  0.02564385718592018  -0.00012218463039642872  -0.0023873617644667765  
-0.0001220960438621115  -0.00012218884888490284  0.0012924465137132619  -0.00010981152362325346  
-0.0023865816704387024  -0.002387258899326257  -0.00010983510569561001  0.0234405345749967  
PARSED_JSON_BELOW
{"coeffs": [[[0.0, 0.0, 0.0, 0.0, 0.0, 0.0, 0.0], [0.0, 0.006170709562214471, 0.013606431218730937, -0.03662193143815308, -0.046972818503259024, 0.00473341903256291, 0.0], [0.0, -0.032242931198229775, -0.2736164653907481, -0.506002174273065, -0.24501590128087425, -0.02755156366072474, 0.0], [0.0, -0.03713275871344832, -0.5975956801584361, -1.3818200461020322, -0.521202256333034, -0.08627127702409239, 0.0], [0.0, -0.00941070304769793, -0.1861953434672469, -0.5023308314820814, -0.21872658940981213, -0.07454690365382657, 0.0], [0.0, 0.0023475992003615374, -0.03818308478458204, -0.0455373393772493, -0.013633864969162196, 0.020755799516120072, 0.0], [0.0, 0.0, 0.0, 0.0, 0.0, 0.0, 0.0]], [1.274121013570159, -3.668534145153015, 16.628302720920683, 3.65116276106757, 2.8608850832685913, 1.9358492953844486, 1.2875722659141329, 0.7504455274423136, 0.35368571370148805, 0.058571417856466676, -0.12694880851138848, -0.20084410016961252, -0.22683938000539197, -0.227009543849386, -0.5257432201519633, -0.550044543001897, -0.23719888072824677, 0.17886981811840427, -0.4581256494156111, -2.070541524460086]], "dRA": [2.9109909749624374e-05, 3.396740743800647e-05, 2.876798009483256e-05, 3.409864772532827e-05, 1.840735854045293e-05, 2.4017060128360943e-05, 4.088882397411746e-05, 2.845348256272728e-05, 0.00010022709409264295, 1.8527613067708914e-05], "dDec": [-9.552657233878646e-06, -9.062527558011833e-06, 3.9109074375546235e-06, -2.8430312384817e-06, -5.0952284863519915e-06, 3.164155705829891e-06, -3.5184185112018047e-06, -3.830080542446276e-05, 2.2488368956989834e-05, 8.374841744424433e-06], "sndRA_offset": -0.0007013584226394738, "sndDec_offset": -0.0005539587812986018, "SN_ampl": [414.76157509458176, 405.38841426751895, 353.4452509867992, 292.0799664595054], "pt_RA": [215.32180066815377, 215.32180552565146, 215.32180032622412, 215.32180565689174, 215.32178996560256, 215.32179557530415, 215.321812447068, 215.3218000117266, 215.32187178533812, 215.3217900858571], "pt_Dec": [35.50880537745036, 35.50880586758003, 35.50881884101503, 35.50881208707635, 35.5088098348791, 35.5088180942633, 35.50881141168908, 35.50877662930217, 35.508837418476546, 35.50882330494933]}
